


deque([0, 1, 2, 3, 4, 5, 6, 7, 8, 9])
deque([0, 1, 2, 3, 4, 5, 6, 7, 8, 9, 'break', 'break', 11, 12, 13, 14, 15, 16, 17, 18, 19, 20])
deque([1, 2, 3, 4, 5, 6, 7, 8, 9, 'break', 'break', 11, 12, 13, 14, 15, 16, 17, 18, 19, 20])
deque([2, 3, 4, 5, 6, 7, 8, 9, 'break', 'break', 11, 12, 13, 14, 15, 16, 17, 18, 19, 20])
deque([3, 4, 5, 6, 7, 8, 9, 'break', 'break', 11, 12, 13, 14, 15, 16, 17, 18, 19, 20])
deque([4, 5, 6, 7, 8, 9, 'break', 'break', 11, 12, 13, 14, 15, 16, 17, 18, 19, 20])
deque([5, 6, 7, 8, 9, 'break', 'break', 11, 12, 13, 14, 15, 16, 17, 18, 19, 20])




